[53.558104, -2.407459]
[53.190148, -1.059789]
[53.871783, -1.697043]
[50.414407, -4.095862]
[53.880168, -3.011153]
[53.336554, -1.37347]
[57.293428, -2.392675]
[52.138512, -0.449587]

[51.797532, 1.077754]
[55.604021, -2.439892]
[52.028146, -2.107994]
[50.609443, -3.446942]

[51.239425, -0.582455]
[53.133462, -1.186922]
[53.443566, -2.216985]
[52.716363, -1.377374]
[51.524406, -3.231885]
[53.551288, -2.51706]

[52.675531, -1.96977]
[53.54719, -2.418117]

[51.489859, -0.143402]
[52.221704, -1.861128]
[50.787398, -0.693089]
[52.5449, -2.102843]
[54.602346, -5.977335]
[52.266662, -0.914889]
[53.570982, -1.462294]
[50.941253, -2.533973]
[51.541849, -2.061123]

[49.191725, -2.197751]
[50.821964, -0.119543]
[54.065886, -1.289319]
[52.623527, -1.145586]

[51.730939, 0.472605]


[51.449503, -0.06688]
[57.504689, -1.803801]
[51.410904, -0.156948]
[53.468306, -2.085556]
[51.31478, 0.860513]
[56.40745, -3.477891]


[53.492042, -2.49421]
[54.575563, -1.354036]


[52.902521, -0.633715]
[53.176284, -2.898164]
[51.750552, -2.210304]
[51.466313, 0.169641]
[51.494527, -0.210883]
[53.606864, -2.840669]
[51.442348, -0.953198]
[51.764808, -3.404861]
[57.465875, -4.210697]
[55.854386, -4.323543]
[52.716228, -2.447881]
[53.010386, -2.20732]
[53.4722, -2.243386]
[51.86173, -2.231295]
[51.51893, 0.012652]
[56.193495, -3.163759]
[52.227134, -0.903677]
[53.475159, -2.267162]
[53.221717, -3.076972]
[51.490136, -0.047431]
[51.649645, -3.993059]
[54.69076, -1.213805]
[51.575912, 0.198605]

[50.397009, -4.122615]
[51.427017, -0.0553]
[51.49935, -0.123555]
[51.800425, -0.076681]

[50.71113, -1.108134]
[53.751284, -2.729387]
[51.014296, -0.095007]
[51.597444, -0.344842]
[56.119639, -3.781117]
[52.623527, -1.145596]
[50.484732, -3.539504]
[55.016769, -1.508925]


[52.792046, 0.440644]
[53.758945, -1.759626]
[52.589849, -1.105696]
[51.668482, -0.565836]
[53.406669, -2.977723]
[52.634154, -0.289757]
[51.600782, 0.527742]
[54.904903, -1.55743]
[52.052485, -0.87214]
[51.65698, -0.286341]

[53.979351, -1.065332]
[52.305402, 0.385672]
[52.248119, 0.398905]
[52.382114, -0.73092]
[51.35322, -1.123183]
[50.895323, -3.49708]
[51.645602, -0.222839]
[53.392188, -2.935786]
[51.583967, 0.019965]
[56.460776, -2.964241]
[50.795186, -1.145881]
[55.018622, -1.645502]
[55.152482, -3.004254]
[56.465825, -3.046038]
[51.498853, -0.125684]

[53.560417, -2.190441]
[56.195409, -3.172713]
[51.514175, -3.115152]

[53.598379, -2.550613]
[54.544849, -1.297106]
[50.687411, -4.692791]
[50.818695, -1.094803]
[50.797611, -1.89939]
[51.78627, -1.273205]
[50.823845, -0.613099]
[53.571002, -1.462108]
[53.809745, -1.720487]
[51.521801, -0.075827]
[57.119346, -2.177838]
[51.737114, 0.693769]
[55.825131, -4.094068]
[53.887291, -2.927132]
[51.497051, -0.203879]
[51.494455, -2.54923]
[51.31478, 0.860513]
[52.385327, 0.534056]

[50.927932, -2.906239]
[53.556331, -0.637411]
[52.325694, 1.678922]
[51.549, -1.780458]
[51.492204, 0.167879]
[52.857933, -2.786319]
[51.538194, -0.094348]
[50.705899, -1.937953]
[54.991443, -1.561404]
[53.497143, -2.279393]
[53.370597, -2.717528]
[51.504217, -0.434646]
[51.524406, -3.231885]
[51.455522, -0.989115]
[54.631627, -3.550189]

[55.771515, -4.185073]
[54.897479, -2.943586]
[55.882577, -3.114681]
[51.372534, -2.442074]
[51.850104, -4.33435]
[50.861051, 0.583705]
[52.999519, -1.177212]
[53.390176, -3.04127]
[57.504735, -1.803729]
[51.87898, 0.936231]
[51.689974, -0.934397]
[51.551409, -0.067678]
[54.591171, -5.905336]
[53.916418, -3.040849]
[52.391278, -1.417332]
[54.592883, -5.976112]
[54.521684, -6.077798]
[51.830128, -2.202897]
[51.501104, 0.326772]

[53.276999, -1.319328]
[52.382592, -2.60596]
[54.230359, -2.773735]
[50.800985, -1.988657]
[53.767688, -2.814835]
[50.386468, -4.142654]
[51.317299, -0.557408]
[52.484282, -1.887124]
[53.650761, -1.517655]
[51.578611, -0.240626]
[51.839731, -2.212046]
[51.107967, -2.923799]
[51.475185, -0.175578]
[51.397765, -0.455331]
[51.955533, -0.257018]
[51.839737, -2.211959]
[51.573262, -3.429618]
[51.513793, -0.100159]
[55.080063, -3.487655]
[54.796228, -1.572172]
[50.394102, -3.508664]
[55.08019, -1.4746]
[53.371506, -1.474648]

[53.496299, -2.380547]
[53.401418, -2.319348]
[51.813144, 0.144852]
[53.314853, -1.322048]
[51.464549, 0.186461]
[57.151568, -2.128675]
[55.851267, -4.294093]

[52.208291, 0.13382]

[55.967957, -3.162217]

[53.403037, -0.755109]
[53.392188, -2.935786]


[50.836486, -0.200169]
[55.960376, -2.97922]
[53.763451, -2.709963]
[52.028924, -0.494686]

[51.545421, 0.696187]

[51.429525, -0.150603]
[53.734859, -2.497253]

[55.931368, -3.286399]
[51.532007, -0.075962]

[51.385907, -0.35965]
[52.631944, 1.238577]
[51.536009, 0.182519]

[51.278906, -0.374545]
[51.31478, 0.860513]
[53.542383, -1.521155]

[51.750576, -0.339146]
[54.46027, -5.827671]
[51.271712, 0.529405]

[53.468288, -2.085543]
[54.568302, -1.218079]
[51.490134, -0.047401]
[50.857997, -1.398716]

[51.647176, -4.051129]
[56.155549, -3.323857]
[53.757573, -1.628323]

[52.023918, 0.169668]
[50.840954, -0.260377]
[51.393335, -0.175541]

[55.133234, -1.584042]
[51.359127, -1.981984]
[51.583216, -0.408343]
[51.484049, -0.205603]
[50.84464, -1.031777]
[55.031134, -1.515125]
[50.885972, -1.294159]
[54.576021, -5.998554]


[53.23421, -3.022424]
[51.496495, -0.125529]
[51.514153, -0.14017]
[54.969019, -1.436548]
[51.512746, -0.128105]


[53.084514, -2.247249]
[51.451115, -2.478746]

[50.820615, -0.14055]

[51.483453, 0.288266]
[52.907114, -1.267075]
[52.26499, -2.156573]
[56.112579, -3.757431]
[54.729511, -1.892144]
[53.477033, -2.148445]
[51.963249, -2.055062]
[53.432269, -2.138512]
[51.022426, -0.355793]
[51.408691, -1.249698]
[54.992231, -1.426777]

[51.647832, -0.254614]
[51.476171, -0.65244]
[52.47647, -1.901463]
[55.865523, -4.264186]
[50.963167, -0.14186]
[53.373029, -1.454949]
[51.943211, -2.063405]
[52.951068, -1.033704]
[55.161975, -1.678847]
[54.571919, -5.920251]
[51.488752, -3.175514]

[51.345546, 1.039392]
[52.436423, -1.530537]
[52.647363, 1.308183]
[51.635081, -0.093475]
[55.764779, -4.090414]
[53.655951, -0.596368]
[55.772385, -4.304498]
[55.484399, -2.553709]

[50.726789, -3.536547]
[51.652453, 0.076075]

[53.244223, -2.535919]
[51.475343, -0.175575]
[53.744749, -1.529408]
[51.53866, -0.14729]
[53.332281, -3.422113]
[54.978955, -1.390576]
[51.825763, -0.841726]
[52.366251, -2.034518]
[55.780614, -4.01526]
[53.639213, -1.514456]




[53.268219, -3.930985]

[51.414144, -0.08776]

[51.126184, -2.728818]
[51.51934, -2.533273]

[53.016169, -1.359477]
[53.404726, -2.327083]
[50.484709, -3.53948]
[53.286917, -4.564508]
[51.537117, 0.68403]
[51.555025, -1.842993]
[50.726078, -1.975969]
[51.377955, -2.359007]
[56.407424, -3.478219]
[57.908048, -4.000354]
[55.826785, -4.433479]
[55.900428, -3.629098]
[51.337166, -2.206025]
[50.812807, -1.152518]
[52.711883, 0.460208]
[52.557234, -0.251251]

[51.296867, 1.072316]
[51.820036, -0.04909]
[51.703227, 0.780493]
[51.620255, -3.983917]
[52.64154, -1.156675]
[51.626852, -3.959889]
[51.549794, -0.348262]
[51.431812, -0.495948]
[53.558571, -0.66623]
[53.479187, -2.362959]
[52.382592, -2.60596]

[52.409407, -1.51006]
[52.336858, -0.551708]
[53.465945, -1.323179]
[55.867549, -4.10878]
[50.858043, -1.398828]
[51.389287, -0.076547]
[53.684717, -1.796738]
[52.497546, -1.978331]
[54.981358, -1.62431]
[51.574224, -0.014024]
[51.698186, -2.369065]

[54.6044, -1.379624]
[54.993589, -1.604315]
[50.642108, -1.952621]
[51.345547, 1.039393]
[51.145087, 0.26186]
[50.825908, -0.161188]
[51.271962, 0.508641]
[53.468288, -2.085543]
[51.24302, -1.662569]

[52.628591, -1.131347]
[53.650817, -1.517771]
[50.372056, -4.177366]
[51.362257, -0.198679]
[51.53669, -0.076227]


[53.029306, -1.447871]
[50.94543, -2.521678]
[55.608473, -4.463905]
[52.74651, -1.473292]
[51.706269, -3.433865]

[51.682227, -3.130337]
[50.966187, -0.121711]
[51.519015, 0.012611]

[57.199835, -2.105351]
[53.406451, -2.977002]
[51.539445, -0.096]
[55.000352, -1.719794]
[49.476933, -2.578429]
[51.492629, -3.181719]
[54.573243, -1.233927]
[53.391194, -2.963022]
[51.31478, 0.860513]
[51.456226, -0.110024]
[52.014078, -0.972278]
[53.399219, -2.928306]
[53.445075, -2.960724]
[51.464027, -0.577151]
[53.500072, -2.035557]
[56.116035, -3.795458]
[56.106535, -3.163755]

[51.639048, -0.753123]
[55.014184, -1.632631]
[51.304642, -0.150627]
[50.869852, -3.447483]
[53.536402, -1.051104]
[51.884594, -0.535857]

[52.66217, -1.164885]

[51.333898, -1.766261]
[50.960582, -1.317672]
[51.501836, -0.675906]
[52.926725, -1.203373]
[52.711883, 0.460209]
[51.5063, -0.1271]
[54.331365, -7.662001]
[53.283953, -3.655732]
[51.743611, -0.448664]

[51.5063, -0.1271]
[55.807088, -4.105055]
[51.475343, -0.175575]
[53.359519, -1.315706]
[53.507258, -1.438904]

[51.544828, -0.000849]
[51.358674, -0.457895]
[51.5063, -0.1271]
[51.435358, 0.372448]
[51.676323, -3.542993]

[52.401527, -1.935493]
[50.86096, 0.255741]
[51.406304, -0.306318]
[53.66557, -1.506644]
[51.471148, -0.487078]
[54.6044, -1.379624]
[52.360639, -1.157381]
[51.5063, -0.1271]

[51.528536, -0.172232]
[53.447415, -2.370999]

[52.873564, -1.431814]
[51.5063, -0.1271]
[51.54906, -1.726426]
[51.182476, -0.625397]

[53.383595, -2.622971]
[53.523815, -2.219091]
[51.395956, -1.25159]

[53.726433, -1.812814]
[51.467963, -0.099933]
[54.908107, -1.378098]
[51.5063, -0.1271]
[51.435213, 0.400512]
[53.440053, -2.968003]
[53.369934, -2.728031]
[54.989312, -1.598699]
[54.555704, -5.907754]
[53.653889, -2.2922]
[53.845063, -2.138933]
[53.221595, -3.069603]
[54.872435, -1.613661]

[51.556476, -3.018568]
[51.29724, 1.071743]
[50.859272, 0.580397]
[50.610433, -1.976503]

[54.687754, -1.228311]
[52.789045, -1.660735]
[51.584714, -2.099223]
[51.367878, -2.962259]
[52.334024, -2.042505]
[53.200845, -2.356328]
[51.478401, -2.559193]
[54.990482, -1.598505]
[53.814707, -2.984378]
[53.7083, -1.82788]
[51.598639, -0.665993]
[51.376498, 1.382883]
[51.486931, -0.095077]
[51.515735, -0.150955]
[51.651173, -0.028545]
[51.185925, 0.316733]
[51.31478, 0.860513]
[53.586012, -1.771006]
[52.51941, -0.243218]
[55.862046, -4.211946]
[51.504526, -0.085328]
[53.078242, -3.01223]
[52.568799, -1.798721]
[51.764215, -3.380894]
[50.787269, -0.692886]
[57.158122, -2.095877]
[54.865569, -1.578741]
[51.615937, -3.969198]

[51.551103, -0.446753]
[54.6044, -1.379624]
[51.377959, -2.358939]
[53.323051, -1.525889]
[51.571666, 0.593969]
[55.856101, -4.226983]
[53.34684, -1.405931]
[53.370766, -1.467527]
[51.022377, -0.355827]

[55.772674, -4.077297]
[51.718424, -0.07533]


[51.376699, 0.564239]


[52.499907, -1.889292]
[51.332125, -2.538321]
[51.333914, -1.766263]
[53.447431, -2.337136]
[50.913346, -1.484207]



[52.600497, -2.032073]

[53.823362, -1.583923]
[51.571188, 0.274016]
[51.440599, 0.257832]
[52.954771, -1.47926]
[51.494531, -0.210888]
[51.454516, -0.141901]
[53.470074, -2.570238]
[51.644354, -3.036833]
[51.48758, -3.238719]
[51.532171, -0.477009]
[55.042943, -1.445413]
[51.158179, -0.968842]
[51.441817, -0.012539]
[51.560954, 0.652262]
[51.507051, -0.472526]
[54.604577, -1.595534]
[51.358584, -0.155627]
[54.555571, -6.037029]
[51.403632, -2.364325]
[53.57716, -2.131794]


[52.265366, 0.186652]
[51.55778, -0.192601]
[53.435692, -1.46263]
[55.944008, -4.822717]
[51.471103, 0.023724]
[58.433637, -3.087084]
[51.459047, -0.361125]
[53.484633, -2.970864]
[54.966667, -1.583333]
[51.388303, 1.399308]
[51.427606, -0.556322]
[52.589803, -2.10882]
[53.456503, -2.32563]
[51.333914, -1.766263]
[51.392706, -0.313858]
[50.725622, -3.558916]
[53.806133, -2.223678]
[53.776422, -2.47866]
[51.624886, 0.001246]
[51.515674, 0.599413]
[54.6044, -1.379624]

[51.961799, -2.313503]


[51.54906, -1.726426]

[55.8623, -4.211572]

[53.484458, -2.298939]
[55.0231, -1.528545]
[50.931013, -1.44378]
[53.818678, -2.223091]
[51.761025, -0.467782]
[54.867273, -1.399476]
[53.531999, -2.229566]

[51.31478, 0.860513]
[49.428398, -2.538858]
[51.492614, 0.24949]
[52.623264, 1.245517]

[51.500886, -0.102779]
[53.640527, -1.330466]
[54.879684, -2.968917]
[52.633683, 1.264217]
[53.568599, -1.992946]
[53.826772, -1.595457]
[53.371308, -1.322275]

[53.468306, -2.085561]
[53.599099, -2.175491]
[50.889241, -1.449833]

[54.668093, -1.244969]
[53.810894, -1.576298]
[52.597673, -1.130744]
[53.338351, -2.106868]
[50.370662, -4.141502]
[51.390909, -0.341623]

[51.595561, -0.001833]
[51.527405, -0.053614]

[53.465957, -1.323168]
[53.532493, -2.51898]
[50.794142, -0.696753]
[52.496038, -1.853369]
[53.819343, -1.622488]
[51.563561, -0.110016]
[51.333914, -1.766263]


[51.580462, 0.022521]

[52.015918, -0.336201]
[55.826638, -4.433231]
[51.257487, -0.001945]
[52.555493, -1.35743]
[53.91645, -3.040739]
[52.745566, -1.175341]
[53.848911, -1.647758]
[50.756757, -1.936766]
[51.297031, 1.072293]
[55.862141, -4.211455]



[52.558045, 0.861853]
[51.466048, -0.077485]
[53.33082, -2.217126]
[51.933637, -0.172107]
[51.695913, 0.412851]

[53.71712, -1.796348]

[57.068267, -2.486215]

[54.459907, -5.827347]
[51.682814, -4.123396]
[53.156918, -1.165393]
[53.376506, -2.574569]
[52.338817, -0.173912]
[50.916244, -3.480265]
[51.404739, -3.475738]
[51.463882, -3.272064]
[51.802767, -0.409555]
[51.333674, -1.766322]
[53.469663, -2.376162]

[53.411612, -2.928456]
[51.463864, -0.576909]
[52.401581, -1.486538]
[51.80192, 1.186439]
[51.528336, -0.127393]

[55.875309, -3.163927]

[51.271255, -0.635186]
[53.757244, -1.52149]
[51.487745, -0.062119]
[53.386594, -0.365246]
[49.238759, -2.204969]


[53.800776, -1.564983]
[51.475702, 0.319461]


[53.73785, -2.484486]
[52.67298, -1.16141]
[53.563175, -1.530542]
[53.497293, -0.981973]


[52.758386, -1.220176]
[51.878987, 0.936223]
[53.200805, -2.356387]
[51.519863, -0.134496]
[54.734617, -1.376698]



[55.812066, -4.250279]
[53.555261, -3.074762]
[52.22108, -0.284191]
[51.904194, -1.16489]
[51.216371, -2.98259]
[51.285965, -2.051283]

[52.925508, -1.49552]
[51.31478, 0.860513]
[51.397058, -0.290093]
[53.484465, -2.298928]

[51.132384, 0.84073]
[50.72223, -1.868338]
[53.229471, -0.555921]
[53.244161, -2.535878]
[55.862141, -4.211455]
[54.872057, -1.613138]
[53.800038, -1.563585]
[55.870105, -3.127912]
[52.946472, -1.144663]
[53.4697, -2.375864]
[52.292721, -1.957165]
[52.375591, -1.723848]
[52.324835, -0.617116]

[52.409343, -1.51]
[51.074757, -4.03558]
[51.517481, -0.182382]
[52.382592, -2.60596]
[51.499799, -3.21972]
[51.757627, -1.231374]
[52.979869, -1.455348]
[51.333674, -1.766322]
[49.431048, -2.556547]
[51.654001, -0.165829]
[51.527352, -0.053615]
[51.759744, -0.233254]
[52.145661, -0.472539]
[53.393965, -2.245043]
[55.134198, -1.570223]

[50.942645, -1.437247]
[53.708055, -1.656567]
[53.079851, -2.22955]
[51.840615, -0.188393]
[52.889783, -1.257653]
[52.501786, -1.423606]

[52.401526, -1.935493]
[54.995041, -1.506169]

[56.089365, -3.926909]
[52.754318, -1.204154]
[53.392195, -2.935763]

[53.780455, -0.300897]


[53.772663, -1.775724]
[51.400413, -3.26693]
[51.362099, -0.125351]
[55.964795, -3.17527]
[53.595252, -0.651338]
[53.623747, -2.650722]
[51.550741, -0.303214]
[56.370128, -3.97757]

[54.106354, -0.181839]
[53.216741, -3.21992]
[52.503151, -2.060927]
[53.019053, -2.188233]
[53.992212, -1.055622]
[51.333674, -1.766322]
[52.292618, -1.957087]
[49.476983, -2.578344]
[56.129871, -3.302133]
[53.478169, -2.356821]

[53.58017, -2.461322]
[53.487688, -2.34748]
[55.080058, -3.487655]
[51.672946, -0.403836]
[53.48448, -2.298904]
[52.131329, 1.419432]
[53.173655, -2.821349]
[55.678939, -3.7719]
[52.439361, -1.824602]

[55.873911, -3.11955]
[54.893513, -2.924768]
[51.574187, 0.19351]
[55.862141, -4.211455]
[52.824009, -1.427479]
[51.454657, -0.071816]
[55.026412, -7.312314]
[53.744907, -1.529416]
[55.771524, -4.18506]
[50.922746, -1.395303]
[51.534563, 0.19814]
[54.96184, -1.45202]
[51.832256, -2.194279]
[50.892739, -1.020101]
[52.300477, -0.541066]
[52.924248, 1.302058]
[55.93548, -3.195652]
[52.752388, -0.971842]
[53.39428, -2.197219]
[52.243232, 0.081924]
[51.711787, 0.410941]
[51.999416, -0.98713]
[54.3657, -4.450666]
[56.341674, -2.796476]
[54.316756, -2.741887]
[53.313831, -4.636012]
[51.552153, -0.258791]

[51.333674, -1.766322]
[56.168229, -3.035636]
[51.496055, -0.437755]



[51.665761, -3.951986]
[52.966174, -2.682124]

[55.003981, -1.577848]
[53.491034, -1.15575]
[51.172149, -1.761613]
[50.794186, -0.69667]

[50.994976, -0.074568]
[51.486279, -3.705027]
[51.605915, -0.016682]



[52.300941, 0.483659]
[52.602559, -0.258732]

[51.540377, 0.044116]
[51.669042, -3.197849]
[50.820112, -0.402888]
[53.409144, -1.512989]
[51.776456, -0.162472]
[51.87329, -2.208078]
[53.525658, -2.119375]

[51.806968, -0.401287]
[50.908441, -1.409678]
[51.370757, -2.390386]
[51.473891, 0.326788]

[53.26269, -1.908203]
[50.849037, -1.027844]

[53.860905, -1.891875]
[52.385313, 0.534044]
[52.292203, -0.255622]
[51.535747, -0.067647]
[52.393517, -2.242564]
[53.697489, -2.318702]
[54.579102, -5.955506]
[54.588361, -5.902584]

[52.494939, 1.738739]
[51.676323, -3.542993]
[52.195239, -2.218107]
[54.554867, -1.238848]


[51.473623, -0.150748]
[51.565816, 0.470665]
[51.415312, -3.265257]
[52.616326, -1.11749]

[51.44832, -0.70419]
[51.313697, -0.770169]

[51.321262, -0.567514]
[51.451004, -2.47893]
[51.759222, -1.255814]
[54.786471, -6.640805]
[53.221692, -3.069509]
[51.46458, 0.186406]

[55.963754, -3.25702]
[51.587854, 0.461222]
[56.1171, -3.907123]

[54.485909, -1.838824]
[52.830494, -1.630673]
[53.005684, -1.29305]
[55.449253, -4.606023]
[51.963249, -2.055062]
[53.484474, -2.298919]
[56.127786, -3.194059]
[55.64446, -4.808389]
[50.830912, -0.260583]
[51.650737, -0.276493]
[51.364131, -0.154633]
[55.904448, -4.461487]
[53.597704, -2.376498]
[51.190006, -0.607082]
[50.737516, -1.909826]
[51.493211, -3.158579]

[51.525173, -3.39751]
[55.040411, -1.555984]
[53.670159, -2.974872]
[51.921714, -0.691141]
[53.360504, -2.733324]
[51.387973, -0.283568]

[53.502587, -2.09224]
[52.401568, -1.935502]
[55.932893, -3.464581]

[53.317148, -3.405939]
[51.541372, -0.075375]
[51.016697, -3.843001]
[51.333651, -1.766386]
[52.298916, -1.526845]
[52.46877, -0.705084]
[53.791795, -1.767346]
[52.630104, -1.133924]
[51.781278, -3.224173]


[51.825783, -0.841639]
[52.919337, -1.392689]
[54.687711, -1.228247]
[52.754322, -1.203976]
[55.872251, -3.035383]
[53.268229, -3.931011]
[51.570024, 0.468126]
[51.298301, -0.330468]
[51.868351, -2.223159]
[51.276548, -0.717502]

[49.194897, -2.121809]
[53.725163, -2.51304]
[51.892318, -1.147595]
[51.569524, -1.845028]
[51.872112, -2.462897]
[53.444318, -2.69667]

[52.707954, -2.751672]
[51.451155, 0.126274]
[53.369423, -1.541392]
[51.526304, -0.199194]
[51.462115, -0.362761]

[51.107809, -4.160027]
[52.982846, -1.230381]
[51.486407, -3.695054]
[52.446819, -1.852536]
[51.860462, 0.155816]
[50.788467, -1.039833]
[52.481855, -0.9083]
[53.416747, -2.246324]
[53.582755, -1.714667]
[53.236316, -0.550809]
[52.511732, -1.809534]
[50.72942, -3.510926]
[53.468306, -2.085561]
[54.647596, -1.676689]

[53.48447, -2.298916]

[52.57223, 0.08739]
[52.041392, -0.562492]
[50.808188, -4.356097]
[53.392173, -2.935804]
[52.971992, -3.07557]

[51.410952, -0.172493]
[51.394489, -0.2466]
[51.668482, -0.565836]

[55.854961, -4.278708]
[54.517826, -1.529319]
[54.89107, -1.441461]
[53.49953, -1.449931]
[55.00933, -1.436883]
[51.541495, 0.716806]
[54.907903, -1.373658]

[50.916244, -3.480265]
[52.203968, -2.230527]

[51.592291, 0.01445]
[51.291542, -0.849946]
[51.376702, 0.564236]

[51.810148, -0.027663]
[52.954998, -1.150144]
[51.482419, -0.488883]
[53.370766, -1.467527]
[51.583513, -2.99154]
[51.388303, 1.399308]
[53.412669, -1.501125]
[53.640549, -1.330249]
[51.492485, -0.18642]
[53.397863, -1.548582]
[53.672613, -1.354378]
[57.636583, -2.00327]


[55.476965, -4.615949]
[53.698629, -1.508059]
[51.967641, 1.344597]
[55.866189, -4.286453]
[53.48447, -2.298916]
[53.373565, -3.00792]
[55.709462, -3.903331]
[53.500681, -1.061085]
[51.501994, -0.100301]

[53.594978, -2.543138]
[53.867048, -2.411439]
[52.840364, -1.34494]
[51.533695, -0.471476]
[57.567827, -4.432219]
[55.818281, -4.23645]
[52.958416, -0.030895]
[50.410712, -4.239643]
[51.547141, 0.136646]
[51.698364, -1.693658]
[52.240347, -0.8584]
[51.081217, 1.163775]
[52.641077, -1.159357]
[51.31478, 0.860513]

[52.95279, -1.144943]
[52.902575, -2.039274]
[54.106354, -0.181839]
[50.969191, -1.358669]
[51.513196, -0.09758]
[51.487418, -3.200054]
[53.594978, -2.543138]
[52.546868, -0.276469]
[55.944782, -3.038976]
[52.487993, -1.891927]
[51.087366, -0.74247]
[51.453972, 0.053474]
[51.359282, -0.532634]
[52.472509, -1.896157]
[53.368812, -1.467297]
[52.687265, 1.278241]
[55.856634, -4.256573]
[53.476806, -2.598902]
[51.575897, 0.198605]

[50.817292, -1.165048]
[52.409383, -1.510019]
[51.639395, -3.048754]
[51.839783, -2.212042]
[50.725221, -1.892547]
[50.869854, -3.447484]
[51.484028, -0.947151]
[53.447384, -2.336968]
[54.961993, -1.452027]
[51.599481, -0.017217]
[51.544149, -0.135751]
[51.769808, -0.749021]
[55.438725, -4.248611]
[51.228179, 0.695815]
[52.584163, 1.695404]
[50.839785, 0.476138]
[54.576025, -5.998588]
[51.524336, -0.125764]
[51.513746, -0.142984]
[53.404693, -2.327089]
[51.478164, -0.122434]
[52.03864, 1.122059]
[53.371289, -1.322265]

[51.41579, -1.329488]
[51.58993, -0.058924]

[51.502591, -0.188189]

[53.793146, -3.054758]
[52.39346, -2.242356]
[56.096845, -3.3713]
[53.48447, -2.298916]
[51.397725, -0.455368]
[52.871003, -1.076678]
[54.923107, -1.489347]
[57.144829, -2.104316]

[51.566076, -3.012112]
[53.311488, -4.649878]
[56.478946, -2.954733]
[51.528536, -0.172232]
[55.813833, -4.171069]
[53.567568, -0.576456]
[53.28939, -2.137629]
[51.45487, -0.902337]
[51.77793, -1.272097]
[55.174798, -1.542117]
[57.636562, -2.003235]
[53.537378, -2.659822]
[50.38169, -4.140493]

[51.418735, 0.076272]
[55.863993, -3.074648]
[54.571919, -5.92023]
[53.684792, -1.796499]
[51.698178, -2.369055]
[56.466344, -3.045829]

[53.716858, -1.486393]
[52.59774, -1.130692]
[52.959194, -1.156589]
[52.915559, -1.293728]

[51.450597, -2.611764]

[53.992208, -1.055612]
[55.862287, -4.278466]
[54.459903, -5.827519]
[52.240347, -0.8584]
[52.253917, -0.880514]
[53.785922, -0.431501]
[53.261167, -1.907382]
[51.347918, -2.101428]
[51.756467, -3.376962]
[52.552475, -2.015626]

[57.483885, -4.175976]
[52.901331, -2.895091]
[53.791112, -1.251162]
[51.333605, -1.766371]
[52.781617, -1.576973]
[54.684144, -6.139846]
[52.240347, -0.8584]

[53.521643, -0.094701]
[51.494533, -0.210885]
[50.792563, -1.084254]
[55.881519, -3.774596]
[54.885006, -2.944191]

[52.633603, 1.298805]
[51.750067, 0.077845]
[55.597389, -4.456414]
[52.403857, -1.562497]
[53.625897, -2.440366]
[51.340933, -2.246969]
[55.000413, -1.719749]

[52.496538, 1.718002]

[53.456503, -2.32563]
[51.473888, 0.326784]
[50.824433, -0.364157]
[54.018731, -1.073018]
[56.127708, -3.194229]
[51.293119, -0.143953]
[50.405144, -5.053816]
[51.292936, -0.351187]
[52.978328, -2.193047]


[51.65128, -3.136374]
[52.9014, -0.632153]
[51.43585, 0.115204]

[51.698328, -1.693457]
[52.353037, 0.497703]
[55.916307, -3.226757]
[52.427282, -1.526271]
[50.853538, -0.175391]
[50.863548, -1.205625]

[53.826623, -1.595371]
[55.492619, -4.59592]
[51.221081, -0.733594]
[53.692154, -1.289367]
[51.422114, -0.378066]
[51.501104, 0.326772]
[54.978955, -1.390617]
[53.488551, -2.244285]
[52.473861, -1.921715]
[51.365946, -0.266853]
[51.506848, -0.116717]
[51.31478, 0.860513]

[51.451039, -1.032212]

[53.259983, -1.450668]
[51.333607, -1.766375]
[51.643963, 0.423627]
[53.484446, -2.29894]
[51.524122, -0.076299]
[52.382566, -2.605961]
[53.906455, -2.162291]
[51.819279, -1.278415]
[51.878469, -0.171805]
[51.45357, 0.055338]

[53.797141, -1.544856]
[51.397725, -0.455371]
[54.796246, -1.572153]


[55.045111, -1.472098]
[51.257405, -0.001715]
[54.286163, -6.374533]
[52.387078, -1.507311]
[51.877397, -0.408782]
[51.565827, 0.47065]
[53.535606, -2.02914]
[53.411535, -2.92894]
[50.266481, -4.915995]
[50.725225, -1.892511]
[53.521643, -0.094701]
[51.483431, 0.288307]
[53.964168, -1.075753]
[50.932628, -1.395596]
[53.60509, -2.165915]
[55.898628, -4.384362]
[51.517674, -0.07826]
[51.022396, -0.355808]
[52.496031, -1.85335]
[52.62989, -1.133419]
[54.961993, -1.452027]


[51.916875, -0.190331]
[54.446808, -6.329908]
[53.744954, -1.648666]
[57.177071, -2.122606]
[51.333607, -1.766375]
[54.934988, -1.377493]
[50.868502, -2.118003]
[52.509598, -2.112404]
[51.794723, -3.215651]
[54.693248, -5.8992]

[51.374102, 0.110798]
[51.398984, 0.01346]
[51.526333, -0.107425]

[53.814518, -1.557322]
[52.321199, -0.616028]
[50.914412, -1.443224]
[51.606935, -0.492264]
[55.006818, -1.613924]

[55.040464, -1.555889]
[51.535961, 0.182586]
[53.225487, -4.143035]
[52.9014, -0.632153]
[53.725296, -1.785312]
[53.318866, -1.317495]
[52.502884, -1.807991]
[53.468291, -2.08555]

[51.90338, -0.437725]
[55.044597, -6.919943]

[50.811978, -0.10533]
[53.136989, -1.214959]

[51.912845, 0.911955]

[51.429676, -0.037503]
[57.158432, -2.10687]
[53.484446, -2.29894]
[53.300688, -2.714968]
[53.469663, -2.376166]

[52.380444, -1.166578]
[53.569732, -2.343497]
[55.648657, -4.717719]
[53.058395, -2.978538]

[50.913726, -1.497334]
[52.415686, -1.469601]
[53.559246, -2.296879]
[53.429754, -2.22176]
[52.523333, -1.49088]

[53.532493, -2.51898]
[51.541895, -2.061154]


[55.771502, -4.185095]
[52.240321, -0.85839]
[55.853362, -4.167227]
[51.525956, -0.071097]

[52.47843, 1.743464]

[55.963857, -3.257111]
[52.240352, -0.944571]

[51.545241, -0.289227]
[53.330814, -2.217132]
[53.744883, -1.529442]
[54.656753, -5.916393]
[53.800158, -2.240524]
[51.5193, -2.533217]
[51.451004, -2.47893]
[51.518958, -0.227684]

[53.454292, -1.436287]
[51.562105, 0.681539]

[51.672982, -0.403916]
[53.382343, -1.467414]

[53.820107, -1.584293]
[53.714935, -1.802544]
[51.398146, -0.074636]
[51.31478, 0.860513]
[52.623532, -1.145598]
[53.393309, -2.200844]
[52.917538, -1.290906]
[55.648643, -4.717678]
[55.49484, -4.596668]
[52.265244, -1.520556]
[57.198832, -2.728429]
[51.524396, -3.231939]
[51.022413, -0.35581]
[53.179316, -2.736322]
[51.392852, 0.547525]

[51.487434, -3.238934]

[53.910794, -0.177679]
[55.015717, -1.51661]
[52.446719, -1.841162]

[50.853926, -0.227569]
[51.682822, -4.123393]
[53.456394, -2.325755]
[52.085665, 1.128309]
[55.814613, -4.337614]
[52.030775, 0.246555]
[54.85474, -5.831763]
[51.449429, -0.123751]
[53.765245, -2.71141]
[51.807828, -0.202381]

[54.687719, -1.228236]
[51.35664, -1.977509]
[51.422921, -0.202549]
[50.996681, -1.390949]
[55.013917, -1.473151]
[51.906784, -0.519739]
[53.568932, -2.460285]
[52.57176, -1.322407]
[53.484447, -2.298939]
[50.795035, -0.642318]
[51.259528, -0.721391]
[51.48772, -3.173471]
[51.884353, -0.456129]
[52.468751, -0.705143]
[53.916402, -3.040684]
[50.840954, -0.260376]
[54.978176, -1.603452]

[55.648643, -4.717678]
[53.23421, -3.022424]
[51.240043, -0.544974]
[52.07563, -2.523317]
[53.555611, -2.631824]
[51.771751, -0.59818]
[54.106354, -0.181839]
[51.639048, -0.753123]
[51.473874, 0.326755]
[54.585718, -5.933601]
[50.822556, -1.080516]
[52.888724, -1.430247]

[51.314191, -0.082385]
[51.495599, -0.235656]
[51.357401, 1.019467]
[51.44015, 0.091098]


[53.532043, -2.237424]
[54.977758, -1.716686]
[50.381063, -4.173373]

[53.780455, -0.300897]
[51.488054, -0.088093]

[51.439195, 0.770611]
[53.808728, -1.674701]
[51.256507, -1.123436]
[53.065576, -2.178611]



[51.454265, -0.97813]

[50.914493, -1.44355]
[51.455564, -0.155634]
[50.857953, -1.398776]
[53.815899, -1.633218]
[52.10281, -2.309963]
[55.008658, -7.320585]
[50.801157, -1.080118]
[55.648643, -4.717678]
[54.575548, -1.354047]
[52.502884, -1.807991]
[51.676323, -3.542993]
[53.406068, -2.971327]
[50.994731, -3.11787]



[53.484447, -2.298939]
[51.534599, 0.198122]
[53.625382, -2.18806]


[51.31478, 0.860513]
[52.975606, -1.16428]
[51.649456, 0.120375]
[53.792391, -1.768196]
[53.547017, -2.576449]
[51.389227, 0.333892]
[53.596736, -2.560455]
[51.672994, -0.403938]
[55.421792, -2.779502]
[53.386599, -0.365253]
[54.906635, -1.388782]
[51.668482, -0.565836]
[51.756525, -0.288892]

[55.036648, -1.464428]

[55.648643, -4.717678]
[52.26499, -2.156556]
[51.592381, -3.328527]
[53.53391, -2.427248]
[52.641077, -1.159355]
[51.437467, 0.270671]
[53.461246, -2.176979]
[55.909814, -4.391092]
[51.333649, -1.766322]

[52.502884, -1.807991]
[53.454292, -1.436287]
[50.375492, -4.128834]
[51.832256, -2.194279]
[54.571915, -5.920175]
[51.906784, -0.51974]
[50.796018, -0.688178]
[53.520802, -1.104512]
[52.396106, -0.696674]

[52.576992, 1.709667]
[51.614889, -0.105774]
[51.488539, -2.486794]

[51.492779, -0.543163]
[49.440204, -2.650649]
[54.041578, -2.902753]
[51.686118, -4.136208]
[51.496114, 0.249946]
[53.74394, -1.642416]
[53.484447, -2.298939]
[52.902712, -2.039343]
[51.892318, -1.147595]
[51.494526, -0.210848]
[55.922186, -4.407768]
[51.669689, -3.899775]
[50.837555, -0.272545]
[51.671365, -4.148218]

[51.665159, -4.086333]

[53.454549, -2.178909]
[51.574028, 0.158834]
[51.515305, -0.29798]
[54.66802, -1.244839]
[50.737842, -1.855045]
[54.156255, -3.184596]
[55.006816, -1.613919]
[51.488721, -0.129191]
[53.763976, -1.905257]

[51.520261, -0.330696]
[51.5063, -0.1271]
[51.674308, -3.368446]
[52.885813, -1.293544]
[53.375178, -2.244903]
[51.589936, -0.058935]
[51.895329, -0.163719]
[51.606934, -0.492275]
[52.57223, 0.08739]
[51.597404, -0.344968]

[54.684913, -1.224411]
[53.493823, -2.166055]
[51.527343, -0.053658]

[52.49991, -1.889303]
[54.999132, -1.652194]
[52.641073, -1.159369]
[50.889228, -1.449799]
[51.489478, -0.475016]
[54.276576, -0.414638]
[53.767613, -2.377692]
[53.365134, -2.926527]
[53.190295, -2.519058]
[52.184661, 0.151701]
[52.376559, -1.516027]
[51.333672, -1.766265]
[55.013787, -1.47306]
[51.978752, 1.350154]

[53.959399, -1.07676]
[53.364071, -2.911076]


[55.860642, -4.222595]
[51.240008, -0.751316]

[53.651128, -1.784624]
[53.808854, -1.674757]

[52.616401, -1.117469]
[57.476992, -4.23861]
[52.95767, -1.150757]
[55.648643, -4.717678]


[51.397725, -0.455374]
[51.549884, -0.27053]
[50.393981, -3.508571]
[52.379886, -1.531601]
[51.31478, 0.860513]
[53.484447, -2.298939]
[51.656773, -3.855321]
[55.030958, -1.515283]



[52.276257, -0.881645]

[55.864071, -3.074698]
[53.748543, -0.371716]
[53.143946, -1.183815]
[53.992207, -1.055626]
[50.718324, -1.880012]
[53.754445, -0.252554]
[52.807646, -1.652531]
[50.840935, -0.260518]

[51.907566, -2.073964]
[52.258675, -0.563136]
[52.22899, 0.112182]
[53.801338, -1.545111]
[56.128269, -3.17621]
[52.817322, 0.940127]

[53.415995, -3.044077]
[53.401297, -2.634909]
[52.817186, -2.110596]
[52.774915, -1.41811]
[51.024085, -0.354182]
[53.397397, -3.027077]
[51.320282, -0.815531]
[53.377518, -3.067499]
[51.756588, -0.77258]

[51.555142, -0.213313]
[51.49231, -0.194131]
[52.03859, 1.122072]

[55.888405, -3.629787]

[52.827538, -1.434644]

[51.424563, -0.363275]
[51.293089, -0.14396]
[51.581596, -2.573024]
[51.022312, -0.355829]
[51.553816, -3.354473]

[53.376506, -2.574569]
[51.113804, 0.020039]
[53.780455, -0.300897]
[50.826994, -0.282199]
[51.516574, -0.177789]
[51.674566, -4.899241]
[54.9776, -1.598524]

[52.214522, -2.225132]
[52.034895, -1.153354]
[53.495769, -2.314189]
[53.371289, -1.322244]
[52.557911, 0.862032]
[54.588369, -5.902589]
[54.662568, -2.749629]

[53.158471, -1.141113]
[50.821679, -1.086644]

[53.359494, -1.315779]
[53.800143, -2.240651]

[55.648662, -4.717818]
[51.397725, -0.455374]
[51.49708, -0.213202]
[52.801889, -1.64512]

[52.085688, 1.128197]
[53.780295, -3.045656]

[53.477064, -2.14843]
[54.906035, -1.421757]
[50.515333, -4.218581]

[53.390182, -3.041339]
[53.470074, -2.570235]

[50.941145, -2.534054]

[55.863606, -4.25586]
[52.79157, -2.113735]
[53.46827, -2.085655]
[51.438579, -3.181768]
[52.347978, -2.283617]


[52.515546, 0.09392]
[52.657123, -1.952956]
[51.860592, 0.155878]
[53.725216, -2.513193]

[53.392176, -2.935795]
[57.233769, -2.357243]
[51.595577, -0.483301]
[55.948843, -3.118803]
[51.31478, 0.860513]
[53.516961, -1.41137]

[52.195074, 0.990812]
[54.639851, -5.938742]
[53.484437, -2.29894]
[51.333672, -1.766265]
[50.837749, -0.210679]

[57.293524, -2.39269]
[53.416801, -3.011745]
[51.369472, -0.113331]
[51.647798, -0.254602]


[55.802454, -4.863529]
[53.183017, -0.582357]

[50.913825, -1.496882]
[51.359283, -0.532664]

